 - Execucao 0
 -- BestCostGenaration: [-151.26665138284915, -568.1987352204185, -681.7387431317401, -722.1453605810674, -786.442574130585, -803.5010547435667, -818.3493576912018, -838.091377282218, -838.3638902649723, -842.7971491796851, -843.5097315191783, -844.8823145212089, -845.5948968607021]
 -- BestCostElement: [-845.59489686 -845.59489686 -845.59489686 -845.59489686]
 -- BestRoute: [array([ 0, 37, 40, 47, 42, 43, 46, 41, 35, 36, 31,  0])
 array([ 0, 20, 19, 13,  8,  7, 11, 12, 16, 23, 24,  0])
 array([ 0, 27, 25, 15, 51, 50, 18, 22, 17, 21,  0])]
 -- Custo: 
 ---------24.42366870536343
 ---------24.106514158872866
 ---------23.571092920588203
 ---- Total: 72.1012757848245
 -- Premio: 
 ---------51.0
 ---------61.0
 ---------50.0
 ---- Total: 162.0
 - Execucao 1
 -- BestCostGenaration: [-149.29898800165873, -690.0585707307879, -693.3722792297726, -731.8976562419539, -733.3492985953328, -736.6630070943174, -745.4175543258409, -746.8974491878041, -765.2668857767898, -769.6580160084794, -771.1694641235309, -773.9350220300443, -777.2758824399581, -787.5103245334448]
 -- BestCostElement: [-787.51032453 -787.51032453 -787.51032453 -787.51032453]
 -- BestRoute: [array([ 0, 30, 37, 40, 31, 29, 36, 43, 46, 42,  0])
 array([ 0, 13,  8,  7, 11, 12, 16, 23, 24, 19, 20,  0])
 array([ 0, 21, 25, 17, 50, 22, 18, 10, 51, 15,  0])]
 -- Custo: 
 ---------24.346665465039436
 ---------23.73044683145697
 ---------24.545306570142397
 ---- Total: 72.62241886663881
 -- Premio: 
 ---------45.0
 ---------61.0
 ---------48.0
 ---- Total: 154.0
 - Execucao 2
 -- BestCostGenaration: [-168.13423531244536, -617.2118384885342, -684.6876483734388, -715.3739398744541, -721.0307941239465, -742.3832490075748, -748.0401032570671, -755.1252685985909, -760.7821228480832, -779.0928717699376, -782.4065802689222, -784.491745610446, -790.5902853582463, -793.4252138996048, -821.3968614040077, -821.4252138996048, -849.2734447528984, -852.5871532518831, -862.8697868807016]
 -- BestCostElement: [-862.86978688 -862.86978688 -862.86978688 -862.86978688]
 -- BestRoute: [[ 0 37 40 47 42 43 46 41 35 36 31  0]
 [ 0 32 27 25 22 18 50 17 51 15 21  0]
 [ 0 20 19 13  8  7 11 12 16 23 24  0]]
 -- Custo: 
 ---------24.42366870536343
 ---------24.50237041558832
 ---------24.106514158872866
 ---- Total: 73.03255327982461
 -- Premio: 
 ---------51.0
 ---------53.0
 ---------61.0
 ---- Total: 165.0
 - Execucao 3
 -- BestCostGenaration: [-141.37495249212313, -681.1136741248764, -691.9404350189404, -709.3548965119776, -711.6980422624852, -739.4400618535012, -765.4561714846939, -771.2919467918218, -776.6908206323303, -796.9488010413141, -797.9343117307003, -818.892226185544, -820.6645297938522, -826.142462985709, -828.2276283272328, -842.4561714846939, -844.5413368262175, -845.2539191657107, -862.6097996108753, -864.7590763628383, -870.9565898408687]
 -- BestCostElement: [-870.95658984 -870.95658984 -870.95658984 -870.95658984]
 -- BestRoute: [[ 0 27 25 22 18 50 17 51 15 14 21  0]
 [ 0 37 40 47 42 43 46 41 35 36 31  0]
 [ 0 20 19 13  8  7 11 12 16 23 24  0]]
 -- Custo: 
 ---------24.23066967554652
 ---------24.42366870536343
 ---------24.106514158872866
 ---- Total: 72.76085253978282
 -- Premio: 
 ---------54.0
 ---------51.0
 ---------61.0
 ---- Total: 166.0
 - Execucao 4
 -- BestCostGenaration: [-141.57413685235383, -641.9176383435291, -782.6823064211248, -785.9960149201095, -817.2726289597761, -820.5863374587609, -822.9294832092685, -823.6137130531645, -836.0078658074731, -842.4869861980171, -851.4902964020553, -851.7482768110392, -854.0914225615468, -864.3740561903651]
 -- BestCostElement: [-864.37405619 -864.37405619 -864.37405619 -864.37405619]
 -- BestRoute: [[ 0 32 27 25 22 18 50 17 51 15 21  0]
 [ 0 13  8  7 11 12 16 23 24 19 20  0]
 [ 0 37 40 47 42 43 46 41 35 36 31  0]]
 -- Custo: 
 ---------24.50237041558832
 ---------23.73044683145697
 ---------24.42366870536343
 ---- Total: 72.65648595240872
 -- Premio: 
 ---------53.0
 ---------61.0
 ---------51.0
 ---- Total: 165.0
 - Execucao 5
 -- BestCostGenaration: [-200.60092283150925, -618.8030029249751, -660.1638685788992, -700.2803158447389, -710.5945915131233, -735.6955515613253, -767.0048266555293, -794.4257696244773, -795.590201371499, -795.8774119778561, -820.6198024140151, -822.0714447673938, -822.769079165978, -824.2207215193569]
 -- BestCostElement: [-824.22072152 -824.22072152 -824.22072152 -824.22072152]
 -- BestRoute: [array([ 0, 20, 19, 24, 23, 16, 12, 11,  7,  8, 13,  0])
 array([ 0, 37, 40, 31, 36, 35, 43, 46, 42,  0])
 array([ 0, 21, 14, 15, 51, 17, 50, 18, 22, 25, 27,  0])]
 -- Custo: 
 ---------23.730446831456966
 ---------24.233703113157304
 ---------24.230669675546515
 ---- Total: 72.19481962016079
 -- Premio: 
 ---------61.0
 ---------44.0
 ---------54.0
 ---- Total: 159.0
 - Execucao 6
 -- BestCostGenaration: [-121.92605317338274, -672.0225980433856, -672.3177593127114, -692.6668756956674, -707.6707099312381, -708.2266041325283, -717.2718360907297, -734.5062781842164, -746.2793726453988, -760.617734364218, -772.6859900947261]
 -- BestCostElement: [-772.68599009 -772.68599009 -772.68599009 -772.68599009]
 -- BestRoute: [array([ 0, 27, 25, 22, 18, 50, 17, 15, 51,  9, 14,  0])
 array([ 0, 24, 19, 20, 13,  8,  7, 11, 12,  0])
 array([ 0, 37, 40, 47, 42, 43, 46, 41, 35, 36, 31,  0])]
 -- Custo: 
 ---------24.966778600794605
 ---------23.438055170160446
 ---------24.42366870536343
 ---- Total: 72.82850247631848
 -- Premio: 
 ---------53.0
 ---------48.0
 ---------51.0
 ---- Total: 152.0
 - Execucao 7
 -- BestCostGenaration: [-161.97609130135325, -653.9455575936795, -686.50034233211, -703.1863471155689, -733.4740170209611, -740.2121767680734, -761.2882403305638, -765.9373509712373, -786.3287334478123, -793.7538981267987, -817.5794744718884, -826.4707708148675, -836.7052129083543]
 -- BestCostElement: [-836.70521291 -836.70521291 -836.70521291 -836.70521291]
 -- BestRoute: [[ 0 21 14  9 51 15 17 50 18 22 25  0]
 [ 0 13  8  7 11 12 16 23 24 19 20  0]
 [ 0 30 37 40 53 47 42 46 43 36 29  0]]
 -- Custo: 
 ---------23.856958974828416
 ---------23.73044683145697
 ---------24.986290966626044
 ---- Total: 72.57369677291143
 -- Premio: 
 ---------51.0
 ---------61.0
 ---------49.0
 ---- Total: 161.0
 - Execucao 8
 -- BestCostGenaration: [-212.02851057648303, -810.8612274787604, -811.5454573226564, -816.1873915239107, -835.3630023775082, -837.8705366118811, -844.778919670013, -854.0914225615468, -872.4608591505323]
 -- BestCostElement: [-872.46085915 -872.46085915 -872.46085915 -872.46085915]
 -- BestRoute: [[ 0 13  8  7 11 12 16 23 24 19 20  0]
 [ 0 37 40 47 42 43 46 41 35 36 31  0]
 [ 0 21 14 15 51 17 50 18 22 25 27  0]]
 -- Custo: 
 ---------23.73044683145697
 ---------24.42366870536343
 ---------24.230669675546515
 ---- Total: 72.38478521236692
 -- Premio: 
 ---------61.0
 ---------51.0
 ---------54.0
 ---- Total: 166.0
 - Execucao 9
 -- BestCostGenaration: [-101.01346999932302, -629.074110800758, -658.168260406934, -697.8061910535599, -703.4810769494137, -707.2466348559269, -737.2462389332243, -792.8260192618083, -805.3598875978156, -813.7547035192788, -817.0684120182636, -822.5463452101203, -832.6473052583224, -840.915781799106, -843.8290240296745, -848.7366822487315, -853.3067335380567, -854.7583758914355, -855.4345683120544, -865.6690104055411, -871.7482768110391, -872.4608591505324]
 -- BestCostElement: [-872.46085915 -872.46085915 -872.46085915 -872.46085915]
 -- BestRoute: [[ 0 37 40 47 42 43 46 41 35 36 31  0]
 [ 0 20 19 24 23 16 12 11  7  8 13  0]
 [ 0 21 14 15 51 17 50 18 22 25 27  0]]
 -- Custo: 
 ---------24.42366870536343
 ---------23.730446831456966
 ---------24.230669675546515
 ---- Total: 72.38478521236692
 -- Premio: 
 ---------51.0
 ---------61.0
 ---------54.0
 ---- Total: 166.0
 - Execucao 10
 -- BestCostGenaration: [-104.4230456158374, -630.9492423778547, -812.9265061401093, -818.6798120102092, -841.7649773517328, -849.3662673022175, -851.4514326437411]
 -- BestCostElement: [-851.45143264 -851.45143264 -851.45143264 -851.45143264]
 -- BestRoute: [[ 0 20 19 13  8  7 11 12 16 23 24  0]
 [ 0 21 14  9 51 15 17 50 18 22 25  0]
 [ 0 37 40 47 42 43 46 41 35 36 31  0]]
 -- Custo: 
 ---------24.106514158872866
 ---------23.856958974828416
 ---------24.42366870536343
 ---- Total: 72.38714183906471
 -- Premio: 
 ---------61.0
 ---------51.0
 ---------51.0
 ---- Total: 163.0
 - Execucao 11
 -- BestCostGenaration: [-138.59824809641708, -700.4114033173158, -701.2530699770552, -727.1647091874156, -728.8015347961843, -729.3497925611637, -734.118389708214, -770.1184968807219, -777.903534296155, -811.8957906873362, -825.6083730268294, -834.4996693698085, -839.1565236193009, -843.3882131898068, -852.2795095327859]
 -- BestCostElement: [-852.27950953 -852.27950953 -852.27950953 -852.27950953]
 -- BestRoute: [[ 0 37 40 47 42 43 46 41 35 36 31  0]
 [ 0 20 13  8  7 11 12 16 23 24 19  0]
 [ 0 21 14  9 51 15 17 50 18 22 25  0]]
 -- Custo: 
 ---------24.42366870536343
 ---------23.899494936611667
 ---------23.856958974828416
 ---- Total: 72.18012261680352
 -- Premio: 
 ---------51.0
 ---------61.0
 ---------51.0
 ---- Total: 163.0
 - Execucao 12
 -- BestCostGenaration: [-209.00595684175906, -663.7672201865031, -689.2095791640145, -701.0892878516731, -717.2095791640145, -775.0924639795971, -775.1998758265427, -787.5475189797755, -803.0481066798362, -812.0492938785235, -823.6948618489322, -835.7212598599181, -837.8705366118811, -846.7817719816073, -850.6125562028972, -852.9557019534047]
 -- BestCostElement: [-852.95570195 -852.95570195 -852.95570195 -852.95570195]
 -- BestRoute: [[ 0 21 14  9 51 15 17 50 18 22 25  0]
 [ 0 37 40 47 42 43 46 41 35 36 31  0]
 [ 0 13  8  7 11 12 16 23 24 19 20  0]]
 -- Custo: 
 ---------23.856958974828416
 ---------24.42366870536343
 ---------23.73044683145697
 ---- Total: 72.01107451164881
 -- Premio: 
 ---------51.0
 ---------51.0
 ---------61.0
 ---- Total: 163.0
 - Execucao 13
 -- BestCostGenaration: [-83.42929861893177, -702.3621641924365, -765.9761790865056, -793.9144611578456, -795.9996264993692, -813.1616379459892, -817.1059098559883, -825.4218316012252, -840.9827168883535, -843.0678822298773, -858.2144064588595, -861.0121541398764]
 -- BestCostElement: [-861.01215414 -861.01215414 -861.01215414 -861.01215414]
 -- BestRoute: [[ 0 27 25 22 18 50 17 15 51  9 14  0]
 [ 0 20 19 13  8  7 11 12 16 23 24  0]
 [ 0 37 40 47 42 43 46 41 35 36 31  0]]
 -- Custo: 
 ---------24.966778600794605
 ---------24.106514158872866
 ---------24.42366870536343
 ---- Total: 73.49696146503089
 -- Premio: 
 ---------53.0
 ---------61.0
 ---------51.0
 ---- Total: 165.0
 - Execucao 14
 -- BestCostGenaration: [-148.3149256343955, -626.1575189526143, -658.539032762151, -670.4841646353742, -757.6127131299684, -778.7629278964739, -796.610439322495, -839.0395419361404, -845.8528772696859, -847.900861750868, -848.7661195002545, -849.4787018397477, -851.0720843904204, -853.415230140928, -869.4415209794059, -871.7846667299135, -872.4608591505323]
 -- BestCostElement: [-872.46085915 -872.46085915 -872.46085915 -872.46085915]
 -- BestRoute: [[ 0 37 40 47 42 43 46 41 35 36 31  0]
 [ 0 21 14 15 51 17 50 18 22 25 27  0]
 [ 0 20 19 24 23 16 12 11  7  8 13  0]]
 -- Custo: 
 ---------24.42366870536343
 ---------24.230669675546515
 ---------23.730446831456966
 ---- Total: 72.38478521236692
 -- Premio: 
 ---------51.0
 ---------54.0
 ---------61.0
 ---- Total: 166.0
 - Execucao 15
 -- BestCostGenaration: [-115.15211507334809, -712.8091653259066, -732.8729189870646, -779.2717928275731, -819.1882794113747, -821.2734447528984, -842.9565898408688, -867.9008617508679, -870.2440075013754, -870.9565898408688]
 -- BestCostElement: [-870.95658984 -870.95658984 -870.95658984 -870.95658984]
 -- BestRoute: [[ 0 37 40 47 42 43 46 41 35 36 31  0]
 [ 0 20 19 13  8  7 11 12 16 23 24  0]
 [ 0 21 14 15 51 17 50 18 22 25 27  0]]
 -- Custo: 
 ---------24.42366870536343
 ---------24.106514158872866
 ---------24.230669675546515
 ---- Total: 72.7608525397828
 -- Premio: 
 ---------51.0
 ---------61.0
 ---------54.0
 ---- Total: 166.0
 - Execucao 16
 -- BestCostGenaration: [-147.7680082951542, -625.2930881682792, -628.1485069941123, -651.5701734879794, -682.0001221986541, -689.7487439187074, -716.6042079352762, -730.980657172688, -746.043905188033, -773.9475607399336, -787.3140377517886, -787.9475607399336, -818.6649271111152, -829.4302779634787, -830.0530977656742, -851.0530977656742, -863.8886660186525, -877.027950862727]
 -- BestCostElement: [-877.02795086 -877.02795086 -877.02795086 -877.02795086]
 -- BestRoute: [[ 0 13  8  7 11 12 16 23 24 19 20  0]
 [ 0 37 40 47 42 43 46 41 35 36 31  0]
 [ 0 21 15 51 17 50 18 22 52 28 27  0]]
 -- Custo: 
 ---------23.73044683145697
 ---------24.42366870536343
 ---------24.838896747497845
 ---- Total: 72.99301228431824
 -- Premio: 
 ---------61.0
 ---------51.0
 ---------55.0
 ---- Total: 167.0
 - Execucao 17
 -- BestCostGenaration: [-123.47686746120644, -624.5527250031154, -637.6804771563225, -649.6568034830982, -720.2476214918713, -778.0120197242734, -800.4897292326557, -821.2705673026569, -826.214839212656, -828.9011307136714, -833.0914225615468, -854.0914225615468, -864.1923826097488, -877.027950862727]
 -- BestCostElement: [-877.02795086 -877.02795086 -877.02795086 -877.02795086]
 -- BestRoute: [[ 0 21 15 51 17 50 18 22 52 28 27  0]
 [ 0 13  8  7 11 12 16 23 24 19 20  0]
 [ 0 37 40 47 42 43 46 41 35 36 31  0]]
 -- Custo: 
 ---------24.838896747497845
 ---------23.73044683145697
 ---------24.42366870536343
 ---- Total: 72.99301228431824
 -- Premio: 
 ---------55.0
 ---------61.0
 ---------51.0
 ---- Total: 167.0
 - Execucao 18
 -- BestCostGenaration: [-103.28339381910219, -670.8911319126703, -711.00757917851, -720.981288340032, -738.394858545304, -752.037016430033, -770.1990278766528, -786.6694245138406, -789.0125702643481, -791.1618470163112, -799.1990278766528, -800.5127363756376, -805.8512849303713, -809.2999879248548, -817.5684644656385, -828.7878132315516]
 -- BestCostElement: [-828.78781323 -828.78781323 -828.78781323 -828.78781323]
 -- BestRoute: [array([ 0, 27, 28, 52, 22, 18, 50, 17, 51, 15, 21,  0])
 array([ 0, 37, 40, 31, 36, 35, 43, 46, 42,  0])
 array([ 0, 20, 19, 24, 23, 16, 12, 11,  7,  8, 13,  0])]
 -- Custo: 
 ---------24.838896747497845
 ---------24.233703113157304
 ---------23.730446831456966
 ---- Total: 72.8030466921121
 -- Premio: 
 ---------55.0
 ---------44.0
 ---------61.0
 ---- Total: 160.0
 - Execucao 19
 -- BestCostGenaration: [-122.9394292285647, -713.2319283483882, -725.118503171117, -737.1151046893701, -753.056785242457, -759.467602836155, -815.448167719032, -834.6953445071756, -843.2692466613964, -862.5164234495401]
 -- BestCostElement: [-862.51642345 -862.51642345 -862.51642345 -862.51642345]
 -- BestRoute: [[ 0 27 25 22 18 50 17 15 51  9 14  0]
 [ 0 20 19 24 23 16 12 11  7  8 13  0]
 [ 0 37 40 47 42 43 46 41 35 36 31  0]]
 -- Custo: 
 ---------24.966778600794605
 ---------23.730446831456966
 ---------24.42366870536343
 ---- Total: 73.120894137615
 -- Premio: 
 ---------53.0
 ---------61.0
 ---------51.0
 ---- Total: 165.0
 - Execucao 20
 -- BestCostGenaration: [-134.55984623507584, -712.323417807793, -754.3275209175739, -758.4507138852086, -776.6800190643587, -801.9194522436835, -802.6320345831768, -804.0687289956466, -820.1960230201935, -822.797149179685, -846.1461507283514, -849.7894055708662, -868.1588421598519, -870.2440075013756, -870.9565898408687]
 -- BestCostElement: [-870.95658984 -870.95658984 -870.95658984 -870.95658984]
 -- BestRoute: [[ 0 21 14 15 51 17 50 18 22 25 27  0]
 [ 0 37 40 47 42 43 46 41 35 36 31  0]
 [ 0 20 19 13  8  7 11 12 16 23 24  0]]
 -- Custo: 
 ---------24.230669675546515
 ---------24.42366870536343
 ---------24.106514158872866
 ---- Total: 72.76085253978282
 -- Premio: 
 ---------54.0
 ---------51.0
 ---------61.0
 ---- Total: 166.0
 - Execucao 21
 -- BestCostGenaration: [-109.63983489421685, -688.2754267869138, -689.8477157515644, -715.8238916060428, -729.6566898191836, -756.9441074796904, -762.6087053380015, -794.2578159786751, -815.4974728414745, -816.2556020636832, -820.5990000590762, -822.9049649492422, -826.9684366480617, -842.7405332022204, -852.6252908975541, -869.8597329910408, -872.4608591505323]
 -- BestCostElement: [-872.46085915 -872.46085915 -872.46085915 -872.46085915]
 -- BestRoute: [[ 0 20 19 24 23 16 12 11  7  8 13  0]
 [ 0 21 14 15 51 17 50 18 22 25 27  0]
 [ 0 37 40 47 42 43 46 41 35 36 31  0]]
 -- Custo: 
 ---------23.730446831456966
 ---------24.230669675546515
 ---------24.42366870536343
 ---- Total: 72.3847852123669
 -- Premio: 
 ---------61.0
 ---------54.0
 ---------51.0
 ---- Total: 166.0
 - Execucao 22
 -- BestCostGenaration: [-143.35971720989224, -572.5482276003901, -614.5848072022309, -673.1649221279972, -710.504346228989, -719.2224679871852, -724.34566095482, -738.1481474767895, -763.5788953137567, -766.7355853795387, -794.5566643219031, -794.7355853795387, -822.5566643219031, -842.5566643219031, -861.8038411100467, -862.5164234495401]
 -- BestCostElement: [-862.51642345 -862.51642345 -862.51642345 -862.51642345]
 -- BestRoute: [[ 0 27 25 22 18 50 17 15 51  9 14  0]
 [ 0 20 19 24 23 16 12 11  7  8 13  0]
 [ 0 37 40 47 42 43 46 41 35 36 31  0]]
 -- Custo: 
 ---------24.966778600794605
 ---------23.730446831456966
 ---------24.42366870536343
 ---- Total: 73.120894137615
 -- Premio: 
 ---------53.0
 ---------61.0
 ---------51.0
 ---- Total: 165.0
 - Execucao 23
 -- BestCostGenaration: [-167.78406599710223, -655.3417362491848, -680.4181445273227, -681.5087483139002, -714.4104009185039, -738.8387120105351, -771.7535466690115, -778.507160733742, -809.9032820512697, -813.507160733742, -833.507160733742, -855.2591624964341, -857.4084392483971, -866.722147747382, -868.871424499345, -870.9565898408687]
 -- BestCostElement: [-870.95658984 -870.95658984 -870.95658984 -870.95658984]
 -- BestRoute: [[ 0 37 40 47 42 43 46 41 35 36 31  0]
 [ 0 27 25 22 18 50 17 51 15 14 21  0]
 [ 0 20 19 13  8  7 11 12 16 23 24  0]]
 -- Custo: 
 ---------24.42366870536343
 ---------24.23066967554652
 ---------24.106514158872866
 ---- Total: 72.76085253978282
 -- Premio: 
 ---------51.0
 ---------54.0
 ---------61.0
 ---- Total: 166.0
 - Execucao 24
 -- BestCostGenaration: [-176.11919994248774, -680.3352376227867, -733.6078153457722, -733.8924804832982, -765.0114280272333, -790.791825871268, -794.560136300762, -795.2727186402553, -812.9295728897478, -826.4777234822192, -828.3662673022175, -840.1393617633998, -840.9674386524448, -841.6436310730635, -842.0954804805921, -842.8080628200853, -855.6436310730635]
 -- BestCostElement: [-855.64363107 -855.64363107 -855.64363107 -855.64363107]
 -- BestRoute: [array([ 0, 37, 40, 47, 42, 43, 46, 41, 35, 36, 31,  0])
 array([ 0, 27, 28, 52, 22, 18, 50, 51, 17, 25,  0])
 array([ 0, 20, 19, 24, 23, 16, 12, 11,  7,  8, 13,  0])]
 -- Custo: 
 ---------24.42366870536343
 ---------24.934976694913733
 ---------23.730446831456966
 ---- Total: 73.08909223173413
 -- Premio: 
 ---------51.0
 ---------52.0
 ---------61.0
 ---- Total: 164.0
 - Execucao 25
 -- BestCostGenaration: [-73.10658829443642, -681.6868115500115, -706.4298806462159, -731.374152556215, -749.6267401059449, -775.094478504527, -807.7404879228914, -809.8256532644151, -813.2247341590733]
 -- BestCostElement: [-813.22473416 -813.22473416 -813.22473416 -813.22473416]
 -- BestRoute: [array([ 0, 37, 40, 47, 42, 43, 46, 41, 35, 36, 31,  0])
 array([ 0, 27, 33, 28, 52, 17, 50, 18, 22,  0])
 array([ 0, 20, 19, 13,  8,  7, 11, 12, 16, 23, 24,  0])]
 -- Custo: 
 ---------24.42366870536343
 ---------24.663633595995382
 ---------24.106514158872866
 ---- Total: 73.19381646023167
 -- Premio: 
 ---------51.0
 ---------46.0
 ---------61.0
 ---- Total: 158.0
 - Execucao 26
 -- BestCostGenaration: [-151.94982491773993, -679.9745251083115, -683.2973506527895, -702.3270232550964, -719.3034877547102, -727.7485258326808, -745.7748166711588, -749.0885251701435, -796.5775554380137, -803.2140894814765, -806.5277979804613, -815.7479578174839, -818.8474054154717, -822.7479578174839, -828.7894055708662, -834.9008617508679, -845.00182179907, -853.2702983398534, -855.3554636813772, -861.1615946828326, -863.5047404333402, -865.5899057748638]
 -- BestCostElement: [-865.58990577 -865.58990577 -865.58990577 -865.58990577]
 -- BestRoute: [[ 0 21 14 15 51 17 50 18 22 25 27  0]
 [ 0 20 19 13  8  7 11 12 16 23 24  0]
 [ 0 30 37 40 53 47 42 46 43 36 31  0]]
 -- Custo: 
 ---------24.230669675546515
 ---------24.106514158872866
 ---------24.015339721864635
 ---- Total: 72.35252355628401
 -- Premio: 
 ---------54.0
 ---------61.0
 ---------50.0
 ---- Total: 165.0
 - Execucao 27
 -- BestCostGenaration: [-114.41762254865884, -679.6664818239018, -767.354672828503, -769.4398381700266, -791.2789527392606, -803.3472084697687, -806.8479746377401, -859.722147747382, -866.722147747382, -869.6353899779506, -871.7846667299135, -872.4608591505323]
 -- BestCostElement: [-872.46085915 -872.46085915 -872.46085915 -872.46085915]
 -- BestRoute: [[ 0 37 40 47 42 43 46 41 35 36 31  0]
 [ 0 21 14 15 51 17 50 18 22 25 27  0]
 [ 0 20 19 24 23 16 12 11  7  8 13  0]]
 -- Custo: 
 ---------24.42366870536343
 ---------24.230669675546515
 ---------23.730446831456966
 ---- Total: 72.38478521236692
 -- Premio: 
 ---------51.0
 ---------54.0
 ---------61.0
 ---- Total: 166.0
 - Execucao 28
 -- BestCostGenaration: [-156.0269801952042, -698.7106640504317, -726.4041978937387, -787.120509186162, -791.5165872405332, -824.8860238295188, -825.5460244920561, -829.1177134000247, -829.7777140625619, -843.1923826097488, -846.0914225615468, -864.1923826097488, -877.027950862727]
 -- BestCostElement: [-877.02795086 -877.02795086 -877.02795086 -877.02795086]
 -- BestRoute: [[ 0 37 40 47 42 43 46 41 35 36 31  0]
 [ 0 27 28 52 22 18 50 17 51 15 21  0]
 [ 0 13  8  7 11 12 16 23 24 19 20  0]]
 -- Custo: 
 ---------24.42366870536343
 ---------24.838896747497845
 ---------23.73044683145697
 ---- Total: 72.99301228431824
 -- Premio: 
 ---------51.0
 ---------55.0
 ---------61.0
 ---- Total: 167.0
 - Execucao 29
 -- BestCostGenaration: [-165.22864526565064, -688.8680420895502, -749.7978246889354, -777.7978246889354, -796.7470876847727, -798.8963644367357, -824.5681666271371, -836.9948691317184, -857.9948691317184, -870.8304373846966, -877.027950862727]
 -- BestCostElement: [-877.02795086 -877.02795086 -877.02795086 -877.02795086]
 -- BestRoute: [[ 0 27 28 52 22 18 50 17 51 15 21  0]
 [ 0 37 40 47 42 43 46 41 35 36 31  0]
 [ 0 13  8  7 11 12 16 23 24 19 20  0]]
 -- Custo: 
 ---------24.838896747497845
 ---------24.42366870536343
 ---------23.73044683145697
 ---- Total: 72.99301228431824
 -- Premio: 
 ---------55.0
 ---------51.0
 ---------61.0
 ---- Total: 167.0
